1
2
4
6
7
8
9
10
12
13
14
15
17
20
21
22
24
25
27
28
29
31
36
40
41
42
44
47
51
54
55
56
57
58
59
61
62
63
65
67
68
69
70
72
74
76
78
79
81
82
84
86
88
90
93
94
98
99
100
104
105
108
109
114
115
118
120
122
124
128
131
134
135
136
137
139
140
141
142
143
144
145
148
150
151
156
157
160
161
162
163
166
167
168
173
174
175
176
177
180
181
185
188
191
193
194
196
197
198
199
200
203
206
209
212
213
214
215
220
221
222
225
226
229
232
233
234
236
237
238
239
242
243
245
246
248
249
250
254
255
256
258
262
264
267
268
269
270
273
274
275
282
283
284
285
286
287
290
292
293
294
295
297
300
302
303
304
307
310
317
319
320
321
323
324
325
326
327
328
332
333
335
338
341
343
345
346
351
352
355
356
358
359
361
364
366
367
370
372
373
377
378
379
380
382
384
385
386
389
390
391
394
395
397
398
400
401
402
403
404
405
407
408
409
411
413
414
415
416
418
419
420
424
428
429
431
432
434
435
436
437
439
440
441
442
443
445
446
447
448
449
450
451
454
455
459
460
461
462
463
464
466
467
469
471
472
473
477
478
479
481
482
483
484
486
487
488
489
490
492
493
494
495
496
498
500
501
502
503
504
505
508
509
510
511
512
513
515
517
518
519
520
522
524
526
528
529
530
532
534
535
536
537
538
539
543
544
545
546
548
550
551
555
556
560
565
567
568
571
572
573
574
576
577
581
582
583
585
587
588
589
590
591
592
593
594
595
596
597
599
600
601
602
604
605
606
608
609
610
611
612
614
615
616
619
624
628
630
631
633
634
637
638
639
640
645
648
650
651
653
654
655
659
662
663
664
665
667
670
671
676
677
678
681
683
685
689
691
692
693
696
698
699
700
706
707
708
