1    9.643908267987534
1    10.2391228152882
1    10.192042016020395
1    9.385974188012641
1    10.542769035542124
1    9.615713883642368
1    9.592540714075385
1    9.106579680359683
1    9.101567842543092
1    10.279864962388832
1    5.291101410719981
2    9.769743330636983
1    10.189410286587254
1    10.639659814928974
1    9.796838646186568
1    10.914269277726024
1    10.402856220122716
1    9.14176502638916
1    10.611789455055526
1    9.059034278100295
1    9.620695340921678
1    10.185971741208153
1    10.422497763289902
1    10.713174093974487
1    10.088055010928326
1    10.709946535908655
1    10.39839992015648
1    10.011022765135664
1    7.467248576208618
1    10.137703085619856
1    10.806392486160775
1    10.972445898900686
2    8.563280794551083
1    9.288627041885166
1    10.499595771053796
1    10.495653830625734
1    10.108683825164965
1    10.403456635620616
1    10.093210505557515
1    10.452276551844284
1    10.075366426492485
1    9.65944198096484
1    10.801496577303151
1    9.673426753801749
2    9.470415402495123
1    9.418976227529942
1    10.977286495534626
1    8.190673498946225
1    10.46829726950526
3    8.984312067061204
1    10.369078817637588
1    10.827293752778834
1    10.03366509960478
1    10.81554751163186
1    10.99063926129699
1    10.122864473835087
1    10.896984004471996
1    10.009885160324496
1    9.284170503330737
1    10.6182036489196
1    10.859446013913594
1    10.337239046958473
1    10.950494090865611
1    10.72786302432981
1    10.92415308321814
2    9.280584415853664
1    10.41832116124694
1    10.783821942662007
1    10.677304962479553
1    10.339014978607732
1    10.429570861655504
1    10.346725761314442
1    10.676136112898845
1    10.317293415522965
2    9.628828727919304
1    10.549958228632086
1    10.339604145588304
1    10.447750569074016
2    9.362419812797283
1    10.067032840613372
1    10.98333940571968
1    7.968709735078308
1    10.116204268972123
1    10.274232432930386
1    10.192123862174277
1    10.218181754487347
1    10.151085735468774
1    10.318122909298893
1    9.681174901674268
1    7.39239837258156
2    9.93135605287699
1    10.091511210194648
1    10.161767099189102
1    10.865820094097383
1    10.883382097187445
1    10.571613602576456
1    10.497233899224579
1    10.37257612527954
1    10.870774034920041
1    10.580645439435203
1    10.61214752111266
1    10.408864246645102
1    10.52705627701301
1    10.791738845031142
1    10.200484615342386
1    10.931657916292801
1    10.247996123907445
1    9.722040223300821
1    10.267841957393738
1    10.801139379211218
1    9.213127137038413
1    10.530034556470861
1    9.938274883177753
1    9.442596955413077
1    10.279637458849988
2    9.665588933268541
1    10.758088727751117
2    9.888095515524393
1    10.971676263580738
1    10.808903457356205
1    10.936921403653868
1    9.699049280919054
1    10.074263837185821
2    9.078501863499586
1    10.580713059584271
1    10.26789631127466
1    10.533374036394983
1    9.188590819921622
1    10.99166658358256
1    10.650394529446443
1    5.46239067824442
1    10.092561460537997
1    7.537060631950689
1    10.389629404976148
1    7.060021762464738
1    10.662101822724965
1    10.42178426484114
1    9.758643652185379
1    10.155888834874194
1    10.120335011969072
1    9.938720850536269
1    9.47066955625305
1    10.917391278561864
2    9.272592242971365
1    10.416615742283325
1    10.184265282880087
1    10.975078137747888
2    9.059876008705563
1    10.13682092532874
1    10.065225936159756
1    10.85364307286466
1    10.597763449822262
1    10.948317129055749
1    10.257961736674162
1    10.131790484457117
1    9.657445607911143
1    9.174671826429305
1    10.366104654749234
1    10.196604322376073
1    10.49579315736408
1    10.677099414838763
1    10.945426039802584
1    10.806683112040997
2    9.047785314371515
1    10.614547688901366
1    10.571717957555792
1    10.933188052893627
1    9.757332863194497
1    10.52474243214516
1    10.262110931920928
1    10.509083887411977
1    10.741472344575605
1    10.839379794245605
1    10.90037124326153
1    10.784234602205753
1    10.558103692071079
1    10.842164068745046
1    9.845041665756003
1    10.957649380983701
1    10.578888411337598
1    10.38014615550788
1    10.083859058541142
1    9.638056734827277
1    9.856621384315725
2    9.346825769987042
1    10.138703285098005
1    10.470117312094844
1    10.420333922213437
1    9.069738407303927
2    8.422401632136314
2    9.95596962620162
1    10.131582111166818
2    9.255755885150935
1    10.902033870542336
1    10.100434332699415
1    10.591818232685055
7    8.074086826601643
1    10.732952724174746
1    9.013086967824913
1    10.103440177147451
1    10.289971789843248
1    10.993555156707485
1    10.011540715565744
3    9.356057388572406
1    9.101324939675788
1    10.772910553950748
1    10.08766440376904
1    10.334708628539971
1    10.476082331120226
1    9.641671332334276
1    10.822092980509876
1    10.928210751155161
1    10.339774950857809
1    10.971262664138791
1    10.9622715724105
1    10.853514610346194
1    10.92085150499802
1    10.657167851675986
1    10.915405689629443
1    10.80588766379269
1    10.925535202626467
1    10.549196194084349
1    9.350074135205501
1    10.194940125745036
1    10.984505024793235
1    10.294940956825902
1    10.948893705834069
1    10.432955158643429
1    10.99045104422301
1    10.362204606407932
1    10.109506656536228
1    10.50467977965664
1    10.528560622898432
2    9.721989568028516
1    10.052296421309856
1    10.466678510472747
1    10.591249968159257
1    10.045722466226476
1    10.360618141151761
1    10.599546570206634
7    8.163963707182813
1    10.298700547094683
1    10.452964721222797
1    10.167725300874284
1    10.070622905892428
1    10.296319056457707
1    9.866370996371097
1    10.129357287347906
1    10.675309311480241
1    10.130458670591997
1    10.516492226551561
5    9.682564628530535
1    10.65103229616592
1    8.37048252536918
2    8.292174964801397
1    10.234728276959691
1    10.046931700584517
1    10.596612608503367
2    8.440972229554982
1    10.23779253861958
1    10.312028631025319
1    10.133025506299814
1    10.20693702570689
1    10.345313360649344
1    10.766643113106431
1    10.81382807366165
1    9.093161038750294
1    10.515915031322233
1    10.251856428285027
1    10.23714358534063
1    10.938908833133343
1    10.013014677027225
1    10.332902384214325
1    10.240859445103945
1    10.724829616294
2    8.732119700184816
1    10.484131074684424
1    10.268157862376334
1    10.649612681472913
1    10.924698108020152
1    10.141195207284172
1    10.881771038103992
1    10.557584276795472
1    10.181567621062088
1    10.370367734378126
1    10.932972869515766
1    10.239127335606312
1    10.488944197554908
1    10.175406992547735
1    9.794639480488422
2    9.474437905772088
1    10.276736251822946
1    10.139143461525464
5    9.627281040158751
1    10.94601491747277
1    10.641366069715035
1    10.179969731587535
1    10.86276806252154
1    10.306412951063743
1    10.34434510510443
1    10.6926739872952
1    10.962544985276816
1    10.755170312864578
1    10.763025469769287
1    10.23856383321777
1    10.035444855240513
1    10.452457429348705
1    10.701394917043752
2    9.251586252995414
1    10.084788896815184
3    9.976874014625261
1    9.856478099898792
1    10.935156630172543
1    9.49527514415065
1    10.820955059517601
1    10.779852111526802
1    10.63866789887422
1    10.86723032734291
3    9.610330007609145
1    10.373979767902105
1    9.52315842528301
1    10.459120248834164
1    9.33111098111437
1    8.319509305234547
2    9.252375294391326
1    10.308783390187099
2    9.354969559427325
1    10.342384319539518
1    10.778477485992163
1    10.56967320832685
2    9.462494132348056
1    10.89855352636597
2    8.030880835218374
1    10.720464979355368
1    9.38280254468955
1    10.67926470143244
5    8.462255206066136
1    10.08470305263879
1    10.591017783137142
1    10.32137298917645
1    9.957441234329075
1    10.531734941723759
1    10.235097323229208
1    10.844788520060021
1    10.569062746493199
1    9.320998848078686
1    10.099639096524703
1    10.63313413446318
1    10.907867823009715
1    10.798801659233252
1    10.456670509448287
1    10.22387909359148
1    9.7863402775718
1    10.060044558755079
1    10.502059266080078
1    10.780659696180118
1    9.890880104863362
1    10.746924130034282
3    9.83106773522589
1    10.883193607965543
1    10.840860216135185
1    10.872456276992526
1    10.06770543790146
1    10.189139496863461
1    10.98212388411209
1    10.928741983970644
1    1.3299169595939992
3    8.597449187690907
3    9.657995542661071
1    10.568212693672615
1    10.686275555053232
1    10.77420482890776
1    9.502635233622316
1    10.830664543693958
2    9.13973525626074
1    10.289628544933171
1    10.509574703972591
1    10.229710547502414
1    10.960127459712263
1    10.158898027516027
1    10.242531437693076
1    10.00935010602974
1    10.379470505524957
1    10.279596129120902
1    10.576103985113328
1    10.534675737955743
1    10.76279354731921
1    10.115068204122732
1    10.780710361296807
1    8.0903069944705
1    9.372059242037292
1    10.985656313976387
1    10.599138997663681
2    9.325961967549695
1    10.751901987634062
1    10.498724470441514
2    9.201339179646816
1    10.210647326448964
1    10.583281779477826
3    9.973584566555493
1    10.549586220235444
1    10.635267501344279
2    9.574786157169259
1    10.198878046619617
1    10.75791407624319
1    10.738024860002232
1    10.591196005166466
1    10.497663217158548
2    9.487716022345007
1    9.617801916778161
1    10.755063141437455
1    10.86940433778174
1    10.285671940128871
1    10.347788243459677
2    9.699431062533696
1    10.928252648036809
1    10.04066836817236
1    10.104933632894092
1    9.498462765222715
1    10.463456215983042
2    9.413135365033833
1    10.79038074219271
1    10.05762206859871
1    10.710429527207037
1    10.173232355734877
1    10.731849712087357
1    10.906188448896478
1    10.839959956932542
1    7.873572137601298
1    7.931017952323704
3    8.402267255745906
1    10.748223166069012
5    9.177681093456806
1    10.847259148113931
1    9.334090924303968
1    10.961724763032777
1    10.467150599330324
1    10.893674418970075
1    10.78128872219969
1    10.358981187554292
2    8.058442853596645
1    10.662170813116738
1    9.885936264704625
1    10.45469750836148
1    9.474572106681574
1    10.391410706173646
1    10.875578009125135
1    10.192395978381823
1    10.737389952359253
2    9.34477740406652
1    10.279049388952066
2    9.54789357008597
1    10.572961579099834
1    10.575071947850063
1    10.780807815414398
1    10.75872289608183
1    10.755526646332154
1    10.01847643471589
1    10.570614308132608
1    10.663535359584206
1    10.55479791819365
1    9.982389464161248
1    10.362791105339316
2    9.460721741616533
1    9.396856966081678
1    10.870060038146153
1    10.482912327002019
12    8.176929455016127
1    10.400664952549525
1    9.419516062863734
1    9.54966876366785
1    9.273852475709708
1    10.410214305539622
1    10.825104052310742
1    10.315779550395817
1    10.115613807058228
1    10.506604520057678
2    9.857027094323636
1    10.174207194985911
1    9.469256801472289
1    9.754833382542245
1    9.497588399524046
1    9.684564765391805
2    9.817306314425714
1    10.116852886119187
1    10.672417812695832
1    10.229486910063452
1    9.024056345566937
1    10.045446307195897
2    8.37077949306978
1    10.571869265467003
1    10.816185786409802
1    10.262741729631923
2    9.821128642571558
1    9.651263667369742
1    9.613499365972547
1    10.622683813015412
1    9.416406123084126
1    10.431349352151495
1    10.477036685912042
1    10.758544872773356
1    10.768129551792509
1    10.990283011411046
1    10.32948641311779
1    9.424562769111272
1    9.609160128582518
1    10.331863460401014
1    9.14678907998517
1    9.055052023730529
1    10.262094749756008
1    10.587829843050834
2    8.520006999104591
1    10.084841557362976
1    10.043552927805663
1    10.3802443526181
1    9.842984498458378
1    10.001650939363275
1    9.28419894916227
1    10.1177940348491
1    10.39401800726439
2    9.934024276392407
1    10.610159325512415
1    10.910978439302394
1    10.74869973115351
1    10.817699075785322
1    10.753566507385868
1    9.608533361502458
1    10.286295233666433
3    8.828795110405439
1    10.438279751351443
1    9.181072827722073
1    10.03345903330209
1    10.823966007189481
1    10.821404543861362
1    9.30781519800587
1    10.726789321812175
1    10.985664204695246
1    7.562052176575984
1    10.558391672299248
2    9.76966656850404
1    10.734927926770705
1    10.83585150612744
1    10.004117875638045
1    9.709017489585607
1    10.244606080401704
1    10.517045064399294
1    10.441743091203028
1    10.964090132532656
1    9.562695502622644
2    9.309572258567753
1    9.667573304853567
1    10.802021899911654
1    10.438472131486028
1    10.824362429891714
1    10.400997827962287
1    9.973927145411103
1    10.433356141691167
1    10.47213102493177
1    9.523831926547128
1    10.00042639456743
1    10.793958184361001
1    9.569292446673368
1    10.275520602216853
1    9.826984767178311
1    10.866512255035463
1    10.239173370432574
1    10.924131235694508
1    9.457122450049086
1    10.539908506673719
1    10.531530713556327
1    10.219196244840594
1    9.215504774592224
5    8.318796376314463
1    10.680448606658933
1    9.6248491847048
1    10.49311599298263
1    10.148737551155005
1    9.574009461928036
1    10.930330719639514
1    10.183164778516781
1    10.042144674595152
1    10.318703678438744
1    10.33982371793912
1    10.529065881827398
1    10.886750590064459
2    9.247364018195507
1    10.554709432332118
1    10.774787007836487
1    10.557610093380177
1    10.841479893539427
1    10.67871973727974
1    10.833045655107664
1    10.599144414386544
1    10.81706770522458
1    9.000093085477364
1    10.168285800060682
1    10.295496083256527
1    10.057843830013836
8    8.834724459632184
1    10.229059658394858
1    9.905469722693264
1    10.170266415137313
1    10.65043301067088
1    10.058385151121229
1    10.202592614548168
1    10.182083476603486
1    10.63485292072971
1    10.160844844802083
1    10.23133584483763
1    10.30934417896285
1    10.718087004084584
1    10.311637561383282
1    10.367295325615673
2    9.77640102296403
1    9.81614437005583
1    10.755489338861658
1    10.352139686163781
2    9.38925095805426
1    9.722316754754734
1    9.16227525470138
1    9.963389351624707
1    10.934633392377693
3    9.6410311249898
1    8.781399378922334
1    10.374599753464778
1    10.505623841205669
1    10.832348316376686
3    9.46842537261895
1    10.063278756481651
1    10.539031941168162
1    10.215161068574977
1    8.64514536285847
1    10.33187647037112
1    10.690732984140856
1    10.063276942979366
1    10.798220078982487
1    10.121443328825013
1    9.672132484537904
1    9.120954934331886
2    9.821718813393506
1    9.818060395909638
2    9.824283482758238
1    10.563097180444174
1    10.365332871594637
1    10.178903284791344
2    9.515746827174235
1    10.230179763681578
1    10.362731099588693
1    10.337809173936215
1    10.41610450935284
1    9.479139973825626
4    8.083472565168684
1    10.089473929016956
2    9.31910723401554
2    9.80881967195052
1    10.377085231610547
1    9.296914775027894
1    10.467756806342608
1    10.142197481272715
1    10.259365966537219
1    10.318590779341204
1    10.268194907765341
1    9.277525271269706
1    10.62865222842965
1    10.809582178912812
1    10.870089948676071
1    10.556617302354281
1    10.693760490310613
2    9.115486945902349
1    10.338283796786879
1    10.240922938493313
2    9.645482980683491
2    9.748200604538114
1    10.043780685515518
1    10.434647161764646
1    10.209978190423508
1    10.109503724577204
1    10.461731090538501
1    10.649065239196663
1    10.985087160510055
1    10.711388726426899
1    9.779883153974533
1    10.263311361332017
1    10.879552209895785
1    7.631315770772417
1    10.593045286598322
1    9.204303584120089
2    8.550310063331896
3    8.836095215392366
2    9.48742292370455
1    10.142100078558839
1    10.464477072092164
1    10.309852089190121
1    9.503263775034304
1    10.376864734592342
1    10.100339030255018
2    9.629535453664353
1    10.305065508647095
1    10.37975310028807
1    10.84560389776327
1    10.745693974607816
2    9.385670250473494
1    10.64241189802393
1    10.35137043291981
1    10.246746067970241
3    9.783890909865576
1    10.088418898361205
1    10.456711948800598
1    10.311731444768988
1    10.604884128594595
1    10.804872097059286
1    10.311468578895704
1    10.889538421198026
1    10.09830544417151
1    10.26347047939983
1    9.993787799055017
1    9.381859024752854
1    10.17135247856326
2    9.517810933457783
1    9.74414772062252
1    10.252632162291189
1    10.992121833863166
2    9.087259310457313
1    10.919042989258891
1    10.538492431370333
1    10.773276342660496
1    9.36763585659775
2    9.905208533440709
1    10.192750310279282
1    10.916839222073433
1    10.445088357791628
1    10.529201995392674
2    9.559687307527268
1    9.448002051481105
1    10.131909318443864
1    10.947360163757077
1    9.046456949742112
1    10.069153962385059
1    10.891685637363482
2    9.60759131538198
1    10.236641249628187
1    10.224909398501968
3    9.076053111136554
1    10.637159205437657
1    10.272518886951563
1    10.284732750352473
1    10.556459619784537
1    9.929561123486383
1    9.322360374819187
4    9.321827543167448
1    10.401725008273502
1    10.278796802331806
1    10.344572381241855
1    10.995279206358699
1    9.725817404032146
1    10.140770647443242
1    9.162271663692641
1    10.727009932596967
1    10.210149028393595
1    9.98926519776632
1    10.06987659142493
1    9.705924963356498
1    10.090827427338505
1    10.777868620870246
1    10.807562481714498
1    10.24869964005328
1    10.593680583294454
1    10.719434861858435
1    10.759934248304708
1    8.699977046925063
1    10.898507379701496
1    10.4510999585394
1    9.662028135017296
1    10.36431632832012
1    10.718887673231704
1    10.665573554739366
1    10.928761662493516
1    10.928052131804852
1    9.495018993567532
2    9.458369999575565
1    10.963209318305042
1    10.451295841246944
1    10.014429592796777
1    10.965838508691354
1    10.444588705244266
1    10.288629544298278
1    5.9990508316191224
1    9.350297473642865
1    10.648600109347399
1    10.231614190403034
2    8.827014033849952
1    10.826273035135793
1    10.310770193498879
1    9.757053691556331
1    10.093670273830911
1    10.215787512820304
4    9.407708062335564
2    9.512026545217871
1    9.15871425047107
1    10.47083871712367
1    10.501690114078649
3    8.070017705182545
2    9.174925983189047
1    10.707655946186321
2    9.970747732580096
1    10.552053015901796
1    10.348927254261026
1    10.560014619925747
1    10.529439604126967
2    9.922559121735357
1    10.345482162996392
1    10.077836028450262
1    10.934748566424854
1    9.64174223240466
1    10.814254339878051
1    10.97249447920807
1    10.667050189785348
1    10.884599067185313
1    10.991565743597388
2    9.741699100420808
1    10.677858734726529
4    8.721243964814068
1    9.209585274220302
1    10.094513411148913
4    9.004063401378843
1    10.49405622239363
1    10.931507818895637
5    8.141020116582528
1    10.162625925730259
1    9.12422210882591
1    10.623667352281224
1    9.011335215741465
1    10.760218185135388
1    10.233566552380761
2    9.37416064186142
2    9.925119470515327
2    9.679036519228642
1    10.777139184831215
1    10.672440556231695
2    9.24543161647269
1    10.533037058351825
1    10.347840530936947
3    9.175471253533015
1    10.719712448308778
1    9.828094239791044
1    10.436443800911901
1    10.603419998403632
1    9.93588452997442
1    10.405092584493353
1    10.708688508067238
1    10.13149316646773
1    10.002997286220664
1    10.296719614092908
1    10.79569204202495
1    10.774407145499413
1    10.603542880200443
2    9.086735241798996
1    10.184746048680532
2    9.296117244201804
1    10.858513393699702
3    8.224751576001196
1    10.54463437722859
1    9.119810758832621
1    10.89646501347276
1    10.520063881900226
1    10.222930076279642
2    9.56180313061981
1    10.624300770175896
1    10.214832224070651
1    10.712298920570166
1    10.467858965968093
1    10.960177878773479
4    9.619920261807286
1    10.598657255181127
1    10.991592333539797
1    10.7078919159681
1    10.285956276272694
3    9.876102704544506
5    8.82198383815102
2    9.327284558616745
1    10.077688614802351
1    9.54185585480388
1    10.640684428173591
1    10.086667630790732
1    10.32146617445761
1    10.0690220029081
1    10.96965933009955
1    10.47095102430453
1    10.403681751044624
1    10.69580223898252
1    10.8558572985039
1    10.2631076649331
1    10.81227442062471
1    10.466852877470231
2    9.03197436633256
1    10.416803693450088
1    10.633894735382931
1    10.615813529318418
1    10.29101308340334
1    10.694467802857748
3    9.946094045347062
1    10.187593499736376
2    9.817221803947193
1    10.05776865612236
1    10.376907625730295
1    10.764827190643631
1    9.127130693383002
1    10.966414366643072
1    10.343458678666785
1    10.784979056946582
1    10.091784825049805
1    9.066384289056098
1    10.1267181928362
1    10.212899214270408
1    9.234906393432249
5    8.230147473147435
1    9.991313503787092
1    10.268200994549844
1    10.131602122054296
1    10.549118176435123
1    10.017286276174392
1    10.497652116488169
1    10.268363668014734
1    10.672544412299642
1    10.174958183897484
1    9.729841427008864
1    9.167492602037015
1    10.837219572405715
5    8.444570689331323
1    10.352703630768458
2    8.92771342409802
1    10.038854219622687
1    9.459123020106519
1    9.914054178403662
1    10.587621606661536
1    10.058638837917606
1    10.231840039040451
1    10.261107840131029
2    9.879746143162555
1    10.477474758241565
1    9.018959885303982
1    10.3070236051033
2    9.010389068388744
1    10.385545139203659
1    10.26403882573292
1    10.040839695186753
2    9.074036777297113
1    10.226343629351211
1    10.871728677836836
1    10.581732624721344
2    9.591021651639542
1    10.101973311504455
1    10.766989854473707
1    10.919354180022786
1    10.443244156788609
1    9.910474040130877
1    10.809961055887586
1    10.479070976964438
1    10.175149560395967
1    10.886131555328523
1    10.657214391208994
1    10.804251451425312
1    10.225785547851203
19    8.470166985333874
2    9.08688233800049
1    10.457315058633203
1    10.162649517015632
2    9.951900906107289
1    10.638151234754854
1    10.707079355166291
1    10.399168373771795
1    10.989430938594234
1    9.154873040071603
1    10.692010648957526
1    10.195035018428381
1    9.944057928468663
1    10.968555938287361
2    9.527304086056034
2    9.962259522049953
1    10.944140283019356
2    8.007751075809109
3    9.25828966635974
1    10.02967536703949
1    10.731751806956362
1    10.078861447621755
1    10.65348083507224
1    8.054774109248346
1    9.639463788868873
1    10.927656217639804
1    10.577652354784162
1    10.214124440947268
1    10.494766934241568
1    10.46128156140412
1    10.088655257322568
1    10.152264699826477
2    9.856094405141738
1    10.687317658803677
1    8.461245839520798
1    9.423840559238371
1    10.747102638040591
1    10.509438011116636
2    9.057027164567135
1    10.824892247176692
1    10.974811456804915
1    9.508486310865344
1    9.331670815740154
1    10.576578891256403
1    10.192400872113687
1    10.233293080109904
1    10.298907730543391
2    9.798260013905628
1    10.098906715651337
1    10.327312655032536
1    10.455346974390821
1    10.086737206813586
1    10.555753296491853
1    9.025168343496606
1    10.511001277543683
1    9.304591732129484
1    10.944005458872285
2    9.167451908170289
1    10.267469159644778
1    10.872936721714881
1    10.786419175803742
1    9.902631246954275
1    10.6390432081594
1    10.962535283178005
1    10.514813737462672
6    8.671677359153911
1    10.121584706079869
1    10.98211893242187
1    9.275984962056032
1    10.904030665065019
2    9.979824904772878
1    10.673873090420363
3    8.838323333622826
1    10.092783211766307
1    10.045823852926887
1    10.94343985894967
1    9.986497147201556
1    10.562462374929012
4    8.299637376777778
3    8.275420482256068
1    10.273005189691041
1    10.294558318773936
1    9.33781421256191
1    10.215242940001493
1    10.63309945301417
1    10.633946308385875
1    10.426164306745763
4    8.934393330742788
1    10.163523242255856
1    10.5636119869248
3    9.080310542370817
1    10.338391619454468
2    8.315705757340224
2    9.505596168403509
2    9.020856282970799
1    10.525526155849018
3    9.860499183212037
1    10.282832932028949
1    10.9095710132335
1    10.659243307785614
1    8.244239772091495
1    10.95956313140747
1    10.488817189983818
2    9.478222023155208
1    9.37485989514472
1    10.76726291404215
2    9.618511484524944
1    9.735545496781306
2    9.451972954005837
1    10.218534735200487
1    10.233233926070914
1    10.832015253627908
1    10.186298716105012
1    10.813166243071944
1    10.426668718110468
1    10.788535524854533
5    8.641491849804954
1    9.448570130352842
1    10.711381007983686
1    10.488628653270188
1    10.975381573356358
2    9.76107603802625
1    10.999003989078162
1    10.814525359909187
1    10.55782599169706
1    10.145053010780057
4    9.99923104561034
1    10.898905990700229
1    10.298829506233437
1    9.123599211134628
1    10.545578256653819
1    10.219252233974034
2    8.533267716217217
1    10.077543483344984
1    10.821702386025892
3    8.672901259097998
1    10.4775086102423
1    10.078760575774693
1    10.584130211480428
2    9.088276936129839
1    10.098415178815307
1    10.71931019965133
1    10.255575274768509
1    10.851406113673562
1    10.216658885290617
1    10.379668043383186
2    8.197588280751049
1    7.456710381885435
1    10.803969691315231
1    10.337323734194218
1    8.562107766705099
2    9.827196238786007
4    8.72789290841803
1    10.481279820974237
1    10.868548183048675
3    9.191550377284964
1    10.647818781315218
1    10.168492763002833
1    10.856382443760564
3    8.154278460549609
1    10.372496044883468
1    9.935054807634568
1    10.222746779105789
1    10.349909352364254
1    10.751936033597572
1    10.357924153600612
1    10.570415492248765
1    10.733419470814907
1    10.095558887011466
3    9.35226758580585
1    10.263564071107476
1    10.126414319136861
1    10.183629224376448
1    9.584988274548865
3    9.917059144925586
2    8.112237583480594
1    10.170473642104872
1    10.486769317482732
1    8.929583999893318
1    10.753060685544556
1    9.065667696693318
1    9.552970583245239
1    10.811728898941077
1    10.888138679596503
2    9.023325538805613
1    10.237975501552466
1    10.057245751120872
5    8.964800845276605
1    10.369820510140391
1    8.76809098650741
1    10.95898662656979
1    10.452377739861832
3    9.156710414417383
1    10.624862282384253
1    10.080616599725552
1    10.894148750209588
1    10.038336395178112
1    10.283672218877923
1    10.061010922841076
1    10.563527009220229
1    10.442509872946843
1    10.03175197532161
2    9.050317534353178
2    9.508082048473728
1    10.327896888764744
1    10.33523820418937
1    10.354985859102486
1    10.488632214507575
5    8.303155198728998
1    10.276669715252716
2    9.803633056178423
1    10.950522778830662
1    10.520573897631031
1    10.042323965700776
1    10.936439613297951
1    10.700337946909356
1    10.550911422843859
1    10.303052020571892
1    10.367836192619775
1    10.403677720080879
10    8.39632280514764
1    9.602778206806569
1    10.57556382561889
1    10.36826366743632
2    7.904712287605831
1    8.545588545407838
1    10.928760261925252
1    10.331520257903692
1    10.111542613987481
1    8.655339777451719
1    8.983545306772127
1    10.132911320515465
2    9.454078229039272
1    10.270978654347392
1    10.946648257776157
1    10.218694145141665
1    10.378234098969635
1    10.736269304716625
1    10.735941178490783
1    9.900385961751006
1    10.589647742642011
1    10.444383489033381
1    10.251311516542962
1    9.16812132340611
1    10.088287410132896
1    9.005817344266369
1    10.31012869355236
1    7.6462107351296
1    10.169853931975334
1    10.922355347129873
3    9.198628558692347
1    9.97059432357669
1    10.777430361195966
1    10.670310129962212
1    10.94386103099707
1    10.466517106535646
2    9.94327731318737
1    10.023025184594424
1    10.220415610517321
1    10.509634764871164
1    8.573368567780857
4    8.77563419637359
2    9.271960321261204
1    10.3648921433363
1    10.496206086412535
3    9.774329756276805
2    9.349699943558575
1    10.614899431183234
1    10.522648722710587
1    10.297901271863442
1    10.948179085159852
1    10.513163486131738
2    9.244935282430063
1    10.391059600664596
1    10.55342723241521
1    10.727414811065184
1    9.440776284516412
1    10.707074649929918
1    10.70926137868669
1    10.974403735375049
7    8.242335809259792
1    10.781508839902754
3    8.954634329083301
1    10.989921438492221
1    10.680118739805856
1    9.429338011794183
1    10.588234939323872
1    10.12643529383809
1    10.818224829429983
1    10.134508664009184
1    9.276118617267546
1    9.625609598788058
1    10.460125976397077
1    9.883988481612052
1    10.233965528972172
1    10.274116948043432
1    10.323068663958654
1    9.887624971224545
1    10.087635054231807
2    9.718527043944643
1    10.654398503187723
1    8.020634507319635
1    10.54400467233686
1    10.188693371199717
1    10.494549452617575
1    10.627302145177035
2    9.688652488316897
1    10.758940646794048
1    10.17913531443416
1    9.532480519854012
1    10.06776220194632
1    10.56248894251932
1    9.216526803773286
1    10.72173358236139
1    10.708700247932715
1    9.566932779826413
1    10.377492216365603
1    9.171478986110873
1    10.887034696880182
1    10.617227058005032
2    9.68992574533067
1    10.737240764348346
1    10.757336180371112
2    9.457513699911466
2    9.044382167939887
3    8.841131592313332
1    10.93092108482291
1    10.3542561115178
2    9.285082247326358
5    8.938941793697616
2    9.705767754644839
2    9.760531536830825
1    10.986248729336856
1    10.392720419022966
1    10.932156844696939
2    9.184963552180271
1    10.595077366927159
1    10.426490644098203
1    10.432157011818154
1    10.05866068259082
1    9.260343879423495
1    9.300750732708641
1    9.481897744215189
1    10.929659010663643
3    8.459591606755787
1    10.705668587601537
2    9.112641073891966
1    10.756750157071316
2    9.488041541655944
1    10.643386292357022
2    9.889984706069189
1    10.423208250589871
1    10.978810336133371
1    10.746608863206713
1    10.390098987258567
1    10.84581305245411
1    10.886717938091458
1    10.063658684281624
7    8.807720684938628
1    10.21569839370433
1    6.786911903413925
1    10.829435893201119
1    10.00269664904169
3    9.974938371216004
1    9.91473004392026
1    10.637231725175377
1    10.820191201192607
2    9.106416584832917
1    10.104669415660169
1    10.72810037228607
1    10.70424064449102
1    10.194406367580756
1    10.674023671972266
1    10.822502468915276
1    10.465159465622458
2    9.499422567630475
1    10.340697642472488
1    9.033191230416934
1    10.558372423371935
1    10.983288938182996
1    10.464901841210443
1    10.91881971560303
1    10.385567465404952
1    10.818996957154845
1    10.260875997868679
1    6.664506144564643
1    10.93863423211547
1    9.424815970672606
1    10.137485383348862
1    10.708601476393946
1    10.572674266010726
1    10.473246075154247
1    10.995479287994305
2    9.874161399162379
1    10.816437611271086
1    10.642789099155156
1    9.134396434156658
1    10.20913277688568
1    10.906862847102646
1    10.104144962738943
1    10.403547007197918
1    9.291022584179872
1    10.168966180501036
1    9.862324140275298
1    9.36919659222257
2    9.709824604418545
2    9.453146525973311
1    10.112299458676592
1    9.56402280319575
2    8.807237504283751
1    10.589043647318816
1    10.70820324905679
1    10.335110294883743
2    9.520715762038686
1    10.21840636852278
1    9.694708890927055
1    9.413195154630468
2    9.357652095122399
1    10.428998560644759
1    10.604118358878718
1    10.08856563367772
1    10.107998620740272
1    10.32739093189835
1    10.88381041121709
1    10.797970561373633
1    10.89289121938268
1    10.06055660382028
1    10.386086803140515
1    8.002082868448646
1    10.542349884537519
1    10.824509209806283
1    10.326086423413113
1    10.464510477140937
1    10.09688498219478
1    10.08279220892412
1    10.493320750050598
1    10.431042497388212
1    7.435848008183217
1    10.558448608905035
1    10.78851611314077
1    9.7517633965286
1    10.649622311872637
1    10.56017051800011
1    9.349831370442987
2    9.688864088366019
1    10.79325807661075
1    10.856648566519533
1    10.631152641168182
1    10.0094230205662
1    10.085912646731916
1    10.622710735432323
1    10.800049064582854
1    10.975126782606214
1    10.453465823169214
1    10.946661630635525
1    7.734106851539405
1    10.009844084257637
1    10.550937362214285
1    10.010302426068339
2    9.71174122665897
4    8.151163115649329
1    10.046841588278008
2    9.331432798678028
1    10.617219228338348
1    10.87344686706309
1    10.00337189081863
1    10.393205944887566
1    10.109508522746705
1    10.507657089007884
2    9.64431591792227
1    10.575528690163745
1    10.740700855212102
1    10.277141843133775
1    8.666859833791882
1    10.550768128132193
1    10.452140959773818
1    10.918778130004128
1    10.523947730275388
1    10.209347670106455
1    10.225024999775279
1    10.965305395394827
1    10.780620575873602
3    9.740384558357622
1    10.917115235362848
1    10.027381567724685
1    10.73076639969268
4    9.70834208848329
1    10.478350412300369
2    9.832838296157254
1    10.949971247561583
1    9.838739659979828
1    10.805514310806124
1    10.35580765746122
1    10.3556690216386
1    10.754284043213582
3    9.469757565934978
3    8.099837721892126
1    10.647544583445562
1    10.087355975029368
2    9.430650674695505
1    9.486809684714359
1    10.709154245044447
1    10.235605913914542
1    10.6365791886213
1    9.347414512298503
1    10.665983796747724
2    9.524483674523854
1    10.103674440628565
1    10.70914289055735
2    9.815673481173556
4    9.693846664103546
1    10.664106321409207
1    10.434186508353491
1    10.572895832352609
1    10.435361617915667
2    9.079447530446437
1    10.772345278427899
1    9.904381374679813
1    10.173235539090891
2    9.625950918062234
1    10.562979478310266
1    10.468844021607547
2    8.402881351302874
1    10.575965287590778
1    10.645241440647656
1    10.82206618947428
1    10.680444194485707
1    10.223346749639042
1    10.017266891015542
1    10.599161717243076
1    10.790685125892134
1    10.2306066602763
1    10.42270096392665
2    9.544041793920131
1    10.711538353567656
1    10.111669174464224
1    10.336879605928068
1    10.620367834836927
1    10.740729275247464
1    10.606494276714615
1    10.775182261579575
1    9.208782158740984
1    10.553160661746452
1    10.55245576813904
4    9.952516821166018
2    9.571965767412289
1    10.01734417437472
1    10.612245514832951
1    10.585593548173344
2    9.352079985107583
1    10.314975620295014
1    10.87920845596233
1    10.548589654438658
1    10.854406815660807
1    10.279821873306469
2    9.948396164394923
1    9.668001737277624
1    10.266510309232721
1    10.900407977005626
3    9.515258613420952
1    10.673928407617518
1    10.763999488622312
1    10.615563231734148
1    10.943777493394322
1    9.71272091098255
1    9.661980693488784
1    10.372705821033367
1    10.531976633936798
1    10.369884852549562
1    10.385545705553023
1    9.415814820337758
1    10.395128294277335
1    10.852311253614008
1    10.053148917432987
1    10.423359752125615
1    10.985606691922236
1    10.835360819835536
1    10.893485514584533
1    9.92602786984537
1    10.273222937931003
1    10.493020090860158
1    10.54948981600763
1    10.899909066028071
1    10.521008490903645
1    10.398294271713853
1    10.562331142838493
1    9.052869824045363
2    9.408796929036953
1    9.30619582988197
1    10.973792081442895
2    9.600166512530624
1    10.980586836523665
1    10.313134207828389
1    10.037172015951047
1    10.2599199954727
1    10.521550998178762
1    9.524206538479046
1    10.48486663887655
3    8.789892754208028
1    9.006690563411464
1    10.153835443459506
2    8.665031718134117
1    10.634080692105444
2    9.205515008235201
1    10.935393996136398
1    10.130247598482693
1    10.15095182154839
1    10.875761841996141
1    10.821904884668207
1    9.9378582997596
2    9.454734650691147
3    9.734053045723801
1    9.222594679351927
1    10.00466722276047
1    10.116978640370347
3    8.052517312296242
2    9.439030168569317
1    10.347929179265053
1    10.847680599524724
1    10.797790937374089
2    9.53975899835808
2    9.940086023533615
3    9.80359009858533
1    10.202442167617999
1    10.643821987709842
1    10.206451711090805
3    9.355877778846894
1    6.538747167714201
1    10.47119974844848
1    10.90305922614615
1    10.990170929371443
1    10.650878404227294
1    9.062201734178194
1    10.226140971920874
2    9.509030653088894
1    10.493948892435599
1    9.768001309089856
2    9.525220991076448
1    10.860265304120642
1    10.52698882931455
1    10.970965059714098
1    10.918555740080079
1    10.724045485048173
1    10.311813926462058
4    9.506120799899238
1    10.442667652806843
1    10.45760586671118
1    10.080877350413518
1    7.424053233314041
1    10.10697403409522
1    10.118389521933043
1    10.35458014071734
1    10.560712197675505
1    10.37002080737741
1    10.064811065214087
2    9.912147786793694
1    10.36106309376774
2    8.10558946094418
1    10.068384381404586
1    10.550063466892688
1    10.541205063149542
1    9.084952260969715
4    7.961782311419973
1    10.098181375810071
1    10.467527158245561
1    10.365809702747931
14    8.594464648324134
1    10.106025757944028
1    10.581668725179835
1    10.748951231364947
2    9.27083204036177
1    10.460415266883992
1    10.806494840834523
