1
6
10
12
14
20
25
58
61
63
68
69
81
84
93
98
115
118
120
143
144
150
176
177
197
199
200
206
209
214
221
233
245
248
249
250
262
267
270
275
290
292
293
295
297
300
302
304
307
326
327
328
333
338
343
345
346
359
377
378
379
386
390
391
394
408
415
416
424
428
429
434
436
441
446
449
451
454
455
462
463
467
471
473
478
483
486
487
489
493
496
502
503
505
513
520
532
536
537
539
548
550
551
560
565
568
581
587
591
592
594
600
604
605
609
614
624
628
631
633
639
653
654
659
662
663
664
665
667
678
681
692
696
707
708
