1
6
9
10
12
14
15
17
20
21
22
25
41
42
55
56
57
58
59
61
63
68
69
74
81
82
84
86
90
93
94
98
108
115
118
120
143
144
150
157
173
176
177
180
193
194
197
199
200
206
209
212
214
215
220
221
226
233
243
245
248
249
250
255
262
267
268
270
275
287
290
292
293
295
297
300
302
304
307
317
324
326
327
328
333
335
338
341
343
345
346
359
364
372
373
377
378
379
380
386
390
391
394
397
398
400
401
404
405
408
415
416
424
428
429
432
434
435
436
441
446
448
449
451
454
455
459
460
462
463
464
466
467
469
471
473
477
478
479
482
483
486
487
489
490
492
493
494
495
496
498
500
502
503
505
508
513
520
522
524
526
532
534
535
536
537
539
543
544
548
550
551
555
556
560
565
568
576
581
587
590
591
592
594
595
596
600
601
602
604
605
609
614
615
616
624
628
631
633
634
638
639
653
654
659
662
663
664
665
667
678
681
683
689
692
693
696
698
700
707
708
