1
4
6
9
10
12
14
15
17
20
21
22
25
27
29
31
36
41
42
44
47
51
55
56
57
58
59
61
62
63
65
68
69
72
74
76
81
82
84
86
88
90
93
94
98
108
109
114
115
118
120
122
124
140
143
144
148
150
151
156
157
163
167
173
175
176
177
180
188
191
193
194
196
197
199
200
203
206
209
212
213
214
215
220
221
222
226
229
233
234
238
242
243
245
248
249
250
254
255
258
262
267
268
269
270
273
274
275
285
286
287
290
292
293
294
295
297
300
302
304
307
310
317
319
323
324
325
326
327
328
333
335
338
341
343
345
346
356
358
359
364
372
373
377
378
379
380
384
386
390
391
394
397
398
400
401
402
403
404
405
408
413
415
416
418
419
420
424
428
429
431
432
434
435
436
439
440
441
442
443
445
446
448
449
451
454
455
459
460
461
462
463
464
466
467
469
471
472
473
477
478
479
481
482
483
484
486
487
488
489
490
492
493
494
495
496
498
500
502
503
504
505
508
509
513
519
520
522
524
526
529
530
532
534
535
536
537
539
543
544
545
546
548
550
551
555
556
560
565
567
568
572
573
574
576
581
585
587
589
590
591
592
593
594
595
596
597
599
600
601
602
604
605
608
609
611
614
615
616
619
624
628
631
633
634
637
638
639
645
648
650
651
653
654
659
662
663
664
665
667
670
677
678
681
683
689
691
692
693
696
698
700
706
707
708
