180
275
301
293
328
10
509
270
614
200
326
20
6
287
268
267
257
173
254
361
81
384
226
49
327
530
335
482
309
194
152
300
689
401
299
292
302
167
357
358
616
221
209
359
191
352
185
245
343
345
565
445
92
403
346
434
176
228
341
203
196
404
324
128
0
272
325
442
165
305
178
222
227
316
33
67
104
288
303
323
198
193
439
295
608
241
304
413
364
448
501
484
258
489
7
370
402
424
290
332
430
273
447
517
39
65
237
284
338
518
110
655
14
242
13
21
285
318
54
460
99
62
156
519
581
197
238
204
240
283
98
286
409
461
351
450
126
386
683
2
259
310
319
140
160
508
609
12
145
202
276
340
8
68
74
274
408
115
161
136
148
210
495
433
536
46
179
339
69
337
543
707
134
510
490
216
233
354
429
373
400
407
479
574
528
120
144
162
451
177
236
232
355
166
277
380
588
308
31
481
34
47
58
22
25
28
215
478
446
577
100
201
249
441
650
94
76
171
169
172
186
244
281
603
122
262
321
389
546
600
72
82
199
229
282
320
394
391
477
466
459
526
692
36
84
95
97
133
168
256
63
85
141
132
188
182
234
524
651
4
9
78
79
109
174
220
294
356
443
431
537
638
663
436
472
367
414
385
469
462
493
634
594
691
24
88
571
589
601
70
143
175
271
377
379
365
398
504
498
555
667
696
1
44
3
27
151
239
432
488
567
671
662
37
108
243
260
333
366
395
437
419
496
630
653
181
218
225
706
18
29
93
124
139
131
157
15
150
164
184
246
264
405
492
556
573
529
597
698
659
545
513
560
535
538
596
676
708
32
87
96
125
40
41
86
90
118
114
121
142
426
511
502
30
57
56
61
130
155
206
230
415
418
455
454
105
138
219
214
397
505
503
483
372
440
473
464
463
570
521
532
611
615
584
595
604
687
678
670
534
628
568
512
610
627
590
602
605
606
681
700
699
648
645
11
26
42
163
207
250
269
307
317
45
17
51
50
55
297
374
411
390
435
416
420
471
449
500
487
38
59
123
146
190
213
255
248
506
494
486
551
548
631
382
467
564
515
619
591
677
669
633
544
557
572
520
522
539
612
639
637
583
685
624
576
582
585
587
593
592
599
640
137
135
378
428
693
654
664
665
212
550