310
228
258
36
93
172
140
282
261
231
150
147
27
220
205
166
34
19
302
191
55
208
242
155
309
127
88
86
46
252
273
317
111
300
61
278
241
341
260
67
134
9
153
289
107
245
50
335
39
163
304
202
4
238
124
78
182
359
120
333
33
364
80
247
170
225
356
240
129
143
229
139
306
103
418
131
319
53
219
266
51
105
285
375
47
384
209
98
132
29
281
108
369
366
35
212
400
156
362
431
68
386
165
133
17
171
204
146
199
809
895
824
571
685
192
572
441
873
866
355
926
377
812
162
732
636
888
631
142
135
136
558
475
390
596
740
858
516
66
337
211
353
687
651
811
196
820
818
415
729
512
700
74
762
444
876
248
414
941
40
652
203
570
681
857
71
32
376
723
513
461
855
808
126
849
520
175
408
662
765
547
31
410
179
914
169
726
799
688
427
578
584
511
137
649
656
736
443
185
112
149
725
30
12
549
791
816
822
594
832
598
575
915
920
742
909
482
485
801
797
20
728
810
856
138
842
744
604
612
259
114
79
154
173
583
237
322
157
340
265
785
628
106
800
3
775
287
581
349
439
277
96
283
819
284
678
609
827
613
123
769
657
672
696
602
706
419
438
45
879
352
813
54
351
81
898
522
713
563
183
720
510
531
8
783
471
113
272
845
702
841
544
41
348
226
257
925
626
759
928
691
420
462
368
382
218
206
772
48
148
491
737
750
701
789
509
164
803
635
675
180
100
187
754
73
122
564
161
874
358
673
97
917
814
739
743
367
448
350
477
168
565
446
52
473
404
689
777
817
190
117
576
227
433
607
37
517
779
502
767
329
412
217
680
69
646
365
167
755
101
695
730
28
614
371
935
274
784
396
77
718
859
794
2
937
905
515
331
550
89
641
413
692
424
906
25
14
24
674
338
597
760
434
853
176
611
722
781
644
388
118
288
529
589
84
616
861
884
469
372
323
556
714
467
251
316
75
243
530
315
623
900
76
668
395
255
670
574
121
837
869
599
235
904
580
603
703
232
494
891
667
792
403
428
440
275
65
63
590
186
852
677
519
115
929
902
939
195
215
91
411
836
324
573
850
432
423
383
357
555
223
197
735
464
557
528
912
525
834
307
402
57
780
421
793
492
253
370
481
539
292
753
490
839
470
787
633
507
647
188
546
483
893
745
263
910
480
15
931
193
430
679
821
582
264
38
177
930
104
99
214
540
768
734
224
770
829
250
778
141
26
865
761
160
719
638
449
746
213
460
526
233
16
360
159
152
569
236
22
210
771
872
860
658
686
270
562
321
216
501
831
752
518
72
908
296
923
579
802
610
683
230
325
559
676
70
298
83
361
942
290
320
585
534
465
58
397
44
422
538
568
392
844
877
110
924
262
731
476
221
552
591
294
254
724
336
330
710
82
239
684
426
508
42
23
116
249
600
381
875
619
704
125
605
451
5
56
838
717
297
10
21
391
867
318
595
174
587
119
911
158
669
553
295
523
560
466
885
128
835
499
615
918
637
828
741
708
697
11
776
267
830
198
625
940
49
863
733
617
630
938
144
748
756
64
764
189
344
640
489
620
6
921
246
102
200
505
43
87
401
326
478
705
554
256
690
871
826
380
332
786
459
244
632
890
60
927
347
661
629
645
445
62
901
671
442
394
305
436
698
922
447
342
763
496
312
398
913
541
184
207
463
345
346
109
878
542
899
1
634
493
379
903
882
527
709
484
806
314
624
665
936
468
825
847
280
907
654
601
639
738
311
699
453
498
566
521
848
301
354
313
178
299
488
693
409
548
567
593
373
694
95
343
663
339
286
18
795
85
503
271
773
194
712
545
608
536
90
862
664
151
586
757
269
715
943
721
751
328
621
887
291
934
327
766
130
425
268
458
627
815
933
455
897
823
145
407
577
486
659
514
374
452
840
543
479
389
385
843
807
92
643
868
363
851
387
456
7
495
222
201
59
293
618
854
919
334
308
181
535
711
94
774
660
454
500
588
892
622
790
487
782
606
707
437
798
886
932
279
506
894
666
788
399
504
881
533
472
378
833
883
870
457
716
805
532
406
303
234
497
653
276
747
864
648
417
749
524
650
393
916
642
727
889
474
804
551
435
758
561
796
592
896
429
880
13
682
846
416
537
450
405
655